VID_20250422_155709482_mp4-0002_jpg.rf.86ef52ccda868ed267393ac2c3e9af26.jpg 6,44,360,640,1
VID_20250422_155819500_mp4-0011_jpg.rf.cb6a63439f53c65e48402a603bba50f8.jpg 18,95,360,640,0
VID_20250422_155903527_mp4-0011_jpg.rf.93f50b85febf83f1dfe804403a983308.jpg 2,98,360,640,2
IMG_20250422_012959473_jpg.rf.b57293e293f4ffc12796cd3b46e23b42.jpg 0,133,447,640,0
IMG_20250422_020713817_jpg.rf.1740cea978a523d079bd47bb91304099.jpg 22,93,480,640,3
VID_20250422_155819500_mp4-0008_jpg.rf.28c7668d0af44e996135c537f810729c.jpg 21,322,317,640,0
VID_20250422_155819500_mp4-0002_jpg.rf.cc9a886ffe1e63cc2cb964f8c844b227.jpg 0,152,301,640,0
VID_20250422_155903527_mp4-0007_jpg.rf.729eac43dce4fcaf5908a9c19cfe9bf0.jpg 0,105,337,640,2
VID_20250422_155709482_mp4-0004_jpg.rf.a37e52e7b807af4384fc9cf06d4a4c85.jpg 0,193,337,640,1
VID_20250422_155903527_mp4-0006_jpg.rf.76eebed1d188bde0c0fdfaef5e191e1c.jpg 0,92,360,640,2
IMG_20250422_020710592_jpg.rf.0bb5750dbf00ea22efca03d3aa9c9a08.jpg 0,124,377,640,3
VID_20250422_155709482_mp4-0003_jpg.rf.4e0d2c6ae0c3af8b9e862f6fab7f3f59.jpg 0,146,360,640,1
VID_20250422_155819500_mp4-0007_jpg.rf.f4612f50061894995894a1498f6f22c8.jpg 0,77,310,640,0
IMG_20250422_013007144_jpg.rf.c52d26be9ca2a968633c4dc0c1903e63.jpg 0,149,456,640,0
IMG_20250422_020717975_jpg.rf.68bb926ac2e1d36698f6878c2e80c2e9.jpg 47,55,480,640,3
VID_20250422_155709482_mp4-0001_jpg.rf.b3aab3c5316e335c2b5e32e55bd57e5e.jpg 0,285,340,640,1
IMG_20250422_013041963_jpg.rf.b832b18dd50c8ba6330b38a5137950a8.jpg 80,164,480,640,0
IMG_20250422_012447636_jpg.rf.fa07e4fa92d8ef3246f9e3716408c30b.jpg 0,129,480,640,4 0,163,400,640,1
VID_20250422_155819500_mp4-0005_jpg.rf.8e03c23ff4ab2a50773e88c4a07a199a.jpg 0,185,353,640,0
VID_20250422_155903527_mp4-0005_jpg.rf.d6567c13b4cf5205899236f729781fa2.jpg 0,105,340,640,2
VID_20250422_155819500_mp4-0001_jpg.rf.77af7ca320bd9fa3c0ed30a85b9884c8.jpg 30,170,360,640,0
VID_20250422_155903527_mp4-0010_jpg.rf.08a5674aa93e35de08191265643884cd.jpg 36,153,360,640,2
VID_20250422_155709482_mp4-0006_jpg.rf.a24f2399312ced12e81d26c7c50a6928.jpg 0,148,360,640,1
VID_20250422_155709482_mp4-0005_jpg.rf.9d6a07760bcffd6f274e95664a6c253a.jpg 0,119,360,640,1
VID_20250422_155903527_mp4-0001_jpg.rf.67b61c63a0d9b60bf3c0b124c1278693.jpg 0,134,360,640,2
IMG_20250422_013016083_jpg.rf.52c942f21b07e23071a916e9af511c2c.jpg 15,192,480,640,0
VID_20250422_155903527_mp4-0009_jpg.rf.4cba42a1fd48c842898f61043187ba3a.jpg 13,144,360,640,2
IMG_20250422_013158591_jpg.rf.d4a5b38f41c29e6249912f5a2d7d7876.jpg 0,92,457,640,2
VID_20250422_155819500_mp4-0008_jpg.rf.914330cba12bcb64c3fe8ce5363dcc04.jpg 1,326,293,640,0
VID_20250422_155819500_mp4-0006_jpg.rf.92d4f5d77860f916f92f93802038f588.jpg 68,183,360,640,0
VID_20250422_155903527_mp4-0004_jpg.rf.75945d025f350b0117670030f98ad317.jpg 30,101,360,640,2
VID_20250422_155903527_mp4-0007_jpg.rf.5afe08ac30adb7903fdf1c59ac5afa9e.jpg 9,102,360,640,2
VID_20250422_155709482_mp4-0004_jpg.rf.02e6eb14354cdbec33169c604d12ec82.jpg 24,194,360,640,1
IMG_20250422_020734336_jpg.rf.72b26a959347ac70630c53a91d54b395.jpg 0,109,464,640,3
VID_20250422_155903527_mp4-0006_jpg.rf.46c17baee914c446a83b243dcbc3fda2.jpg 26,93,360,640,2
IMG_20250422_013208699_jpg.rf.f0d5a7842753ced4d36167a5335adec2.jpg 44,44,480,640,2
IMG_20250422_020713817_jpg.rf.3a44bbac60f4236fc2ab306d70e0d78f.jpg 48,62,480,640,3
VID_20250422_155709482_mp4-0002_jpg.rf.98a5d0ab7c32ae624469c65b067b135a.jpg 0,47,360,640,1
VID_20250422_155903527_mp4-0009_jpg.rf.8f932ed47069cde03966adb17c7a65a1.jpg 0,139,354,640,2
IMG_20250422_020717975_jpg.rf.ad5cbc97823e3526d16a905abd9d3fe8.jpg 0,96,480,640,3
IMG_20250422_012445506_jpg.rf.b8d4e86e8e76927c6a73278b26a2bd69.jpg 5,189,480,640,1
VID_20250422_155709482_mp4-0001_jpg.rf.bc4aa898934ef7199e59f085ef153cfe.jpg 0,282,309,640,1
IMG_20250422_012446246_jpg.rf.7a4e790f7395d41e9e3175b230543446.jpg 1,174,479,640,4 10,183,451,640,1
VID_20250422_155903527_mp4-0010_jpg.rf.da980b084e19cefddf011d33a77a9c7a.jpg 13,158,357,640,2
IMG_20250422_012445195_jpg.rf.818082aee9575c756cc88f99192d40fe.jpg 30,185,480,640,1
VID_20250422_155819500_mp4-0001_jpg.rf.93d01f76e56d40a4c3e83bb66f8a32a3.jpg 6,156,360,640,0
VID_20250422_155819500_mp4-0002_jpg.rf.a1eb5440888a0612888fd91133050498.jpg 0,172,360,640,0
IMG_20250422_013205628_jpg.rf.4e1de4ce33e1179837515a1fad779385.jpg 0,57,480,640,2
IMG_20250422_013158591_jpg.rf.fc60f1d61062add34472afa59d3cc934.jpg 42,95,480,640,2
VID_20250422_155819500_mp4-0006_jpg.rf.91f6efbd1e1719cd4544c904bf53529f.jpg 0,112,168,640,0
VID_20250422_155903527_mp4-0011_jpg.rf.a7f18ffef7bbadb2bae345c9d40d20f7.jpg 0,96,360,640,2
VID_20250422_155709482_mp4-0003_jpg.rf.2c5afcea1aa1973d16541bb7555069a3.jpg 0,143,360,640,1
IMG_20250422_012959473_jpg.rf.eef363a18c9a5572b7ca4f61e736db4a.jpg 24,132,480,640,0
IMG_20250422_020710592_jpg.rf.d9905303f792cca3e78d7d406f410d7a.jpg 0,135,470,640,3
VID_20250422_155709482_mp4-0005_jpg.rf.8abdf9de1db065f3fe15ae508a914d0d.jpg 0,106,360,640,1
IMG_20250422_013205628_jpg.rf.28f97c776d6f9bfd8463d4de787c2f46.jpg 2,39,480,640,2
VID_20250422_155819500_mp4-0007_jpg.rf.cface3318bcbef3ab49736d932f7d872.jpg 0,80,316,640,0
IMG_20250422_013208699_jpg.rf.877215d0bf6d50c790b530c8320fb899.jpg 0,46,468,640,2
VID_20250422_155819500_mp4-0005_jpg.rf.6eff8ecdadddf658144b764c283f9c6c.jpg 0,185,349,640,0
VID_20250422_155903527_mp4-0005_jpg.rf.b1c5a243d7a4f928b07e81cfa4395d58.jpg 10,113,360,640,2
VID_20250422_155903527_mp4-0001_jpg.rf.120ff460170290d2ff196fa49150eef1.jpg 0,131,343,640,2
IMG_20250422_013016083_jpg.rf.4d4b81d3aef70eb55c99063d3a870dd6.jpg 0,196,431,640,0
VID_20250422_155819500_mp4-0011_jpg.rf.09e1ba7249b4221f023cd9d372c0e04c.jpg 30,98,360,640,0
IMG_20250422_012445195_jpg.rf.ae8a84beffc8915fd0a27d6235849917.jpg 0,185,450,640,1
IMG_20250422_013041963_jpg.rf.12282e93fe8a888eb77b12fcc3815661.jpg 0,120,293,640,0
VID_20250422_155709482_mp4-0006_jpg.rf.a3eb51c447667f2839b3f57c559983d8.jpg 0,144,360,640,1
VID_20250422_155903527_mp4-0007_jpg.rf.bed1164e14d1cabab19d5736c13690cd.jpg 0,101,360,640,2
VID_20250422_155709482_mp4-0002_jpg.rf.33b54e41f4f0601232f377d27ec58e5a.jpg 0,45,360,640,1
IMG_20250422_020734336_jpg.rf.71621a843d0f04d0da22399eb84f0f2d.jpg 28,111,480,640,3
IMG_20250422_012446246_jpg.rf.9d892d2d34b88ae5be5bcefd0f40a85b.jpg 0,151,480,640,4 0,183,436,640,1
VID_20250422_155819500_mp4-0008_jpg.rf.b6dc679214f9b8e922b3ae5d69aea03b.jpg 38,323,333,640,0
VID_20250422_155903527_mp4-0005_jpg.rf.0441e8e56ce1690fd48e637563089713.jpg 0,107,360,640,2
VID_20250422_155709482_mp4-0001_jpg.rf.812456bf34031ed9cd7e56ebae7fca9d.jpg 0,286,360,640,1
VID_20250422_155903527_mp4-0006_jpg.rf.88c5b86f04d6f5dc91ea36a8b7e30362.jpg 0,92,360,640,2
VID_20250422_155819500_mp4-0002_jpg.rf.6cb613b3f35696eef2acf3d27d657903.jpg 0,159,360,640,0
IMG_20250422_012445506_jpg.rf.f930a580cee547ab89d296bdd5b411be.jpg 0,190,471,640,1
IMG_20250422_020717975_jpg.rf.28a856d8779276ae0e1b8c3375c27ac9.jpg 0,83,480,640,3
IMG_20250422_013205628_jpg.rf.980576dbb12852777060a135f6879968.jpg 0,38,480,640,2
IMG_20250422_012959473_jpg.rf.20e8e3928179f5d0d0f6433e8e535c6c.jpg 0,131,480,640,0
VID_20250422_155903527_mp4-0010_jpg.rf.586cc0e396753740978fe5c452bf778d.jpg 0,155,336,640,2
IMG_20250422_012447636_jpg.rf.521631dd93b2df0a509ef1769f8ee3fc.jpg 0,126,480,640,4 86,162,480,640,1
VID_20250422_155903527_mp4-0004_jpg.rf.f9c7c34693fde7af1b914697533494e9.jpg 0,101,360,640,2
IMG_20250422_020713817_jpg.rf.31bb8c00b32c72231ed3b6ed1b9a07d2.jpg 0,77,480,640,3
VID_20250422_155709482_mp4-0004_jpg.rf.36943fc5b32e0d88a0d31c0caa25d853.jpg 0,192,360,640,1
IMG_20250422_013007144_jpg.rf.19e82fed54104e7703d42e157aeadb5e.jpg 0,144,480,640,0
VID_20250422_155903527_mp4-0011_jpg.rf.645164eb1e9081b700226bea8b02c168.jpg 0,97,360,640,2
IMG_20250422_013007144_jpg.rf.8ca740464bc9557aaf53d146b3f9737a.jpg 68,138,480,640,0
IMG_20250422_013158591_jpg.rf.d793e328147a918e0de9d4ab511a5fab.jpg 0,87,480,640,2
IMG_20250422_020710592_jpg.rf.035583f7a720a7829df48bf0bb59f302.jpg 0,133,470,640,3
IMG_20250422_012447636_jpg.rf.ea1d7b73c649d87e751993ae641987d9.jpg 11,172,474,639,4 0,179,480,640,1
VID_20250422_155819500_mp4-0007_jpg.rf.f0172df374b9611316e3ae786add3aa3.jpg 0,72,299,640,0
VID_20250422_155903527_mp4-0009_jpg.rf.db020f14b0e0ae64eca2d5f7273a0eae.jpg 0,135,360,640,2
IMG_20250422_013208699_jpg.rf.71c17543a17ddc617a6a8c9179064c3f.jpg 0,45,480,640,2
VID_20250422_155819500_mp4-0006_jpg.rf.654802d84fd6845b91d9acb666facb50.jpg 0,146,233,640,0
IMG_20250422_020734336_jpg.rf.6f8827bd07f476ef05c40d319d166d5e.jpg 0,109,480,638,3
VID_20250422_155709482_mp4-0005_jpg.rf.a9163e08fbf9066213e4edcab7cdeb02.jpg 0,101,360,640,1
VID_20250422_155819500_mp4-0001_jpg.rf.3e1a33140b7aa13660d0d387af48a844.jpg 0,158,360,640,0
VID_20250422_155819500_mp4-0005_jpg.rf.ee5c65a5e9458e5566e8db754dd833f7.jpg 0,185,360,640,0
IMG_20250422_012445195_jpg.rf.5deb0f9d0761643118e7e4387f14a652.jpg 0,185,480,640,1
VID_20250422_155709482_mp4-0003_jpg.rf.8202c0f3793081d0cd24f92b350c7484.jpg 0,130,360,640,1
IMG_20250422_013016083_jpg.rf.48ba4b9ef3c4402b3ceb963671bca25a.jpg 0,190,480,640,0
IMG_20250422_013041963_jpg.rf.d645d6cba7b645e3812f7eac8b360645.jpg 0,148,368,640,0
VID_20250422_155819500_mp4-0011_jpg.rf.76625fb0e72a94598008801d7dbaa04f.jpg 0,95,360,640,0
VID_20250422_155903527_mp4-0001_jpg.rf.de00ee077bf9b6509479c57141d331a2.jpg 0,134,360,640,2
VID_20250422_155903527_mp4-0004_jpg.rf.96aff0bddfe46a20aa57f38f1b2f0e9a.jpg 0,101,360,640,2
VID_20250422_155709482_mp4-0006_jpg.rf.438f7289fb211c96686f1796c48e9432.jpg 0,144,360,640,1
IMG_20250422_012446246_jpg.rf.2ca354c30e841a5ea5570ad5c5d98429.jpg 6,182,468,638,4 0,183,440,640,1
IMG_20250422_012445506_jpg.rf.fa1961d91a1ea4588eedd78b49e187b4.jpg 0,189,480,640,1